Son Tra
2005 1 1 22.6 23 21.5 21.2
2005 1 2 20.8 21.9 20.6 20.4
2005 1 3 20.5 21.7 22 22.3
2005 1 4 21.2 22.5 22.8 23.1
2005 1 5 22.4 22.5 22.2 22.6
2005 1 6 22.4 22.1 22.4 21.9
2005 1 7 21.8 22.1 23.1 22.3
2005 1 8 21.7 22.6 23.8 23.2
2005 1 9 22.6 22.2 22.8 22.8
2005 1 10 21.9 22.3 23.6 22.9
2005 1 11 22.5 22.4 23.3 23.1
2005 1 12 22.6 23.4 23.8 23.2
2005 1 13 23.1 23.7 23.7 23.4
2005 1 14 22.7 23.3 21.9 21.6
2005 1 15 21.5 22.8 20.8 20.7
2005 1 16 20.7 22.8 21.6 21.4
2005 1 17 20.9 21.6 21.7 21.3
2005 1 18 20.8 21.4 22.4 22.2
2005 1 19 21.7 21.5 23.3 23
2005 1 20 22.4 21.6 23.9 23.5
2005 1 21 22.2 21.8 23.7 23.5
2005 1 22 22.8 22.4 23.9 23.5
2005 1 23 22.9 23.1 23.7 23.8
2005 1 24 23.2 23 24.2 23.6
2005 1 25 23.4 23.1 24 23.4
2005 1 26 23 23.4 24.2 23.6
2005 1 27 23.1 23.3 24.2 23.8
2005 1 28 23.3 23.9 23.9 23.7
2005 1 29 23.6 24.2 24.7 24.3
2005 1 30 23.9 24.6 24.9 24.3
2005 1 31 24 24.7 24.8 24.4
2005 2 1 24.2 24.5 26.2 24.9
2005 2 2 24.3 24.4 25.2 24.7
2005 2 3 24.1 24.2 26.1 25.8
2005 2 4 24.8 24.1 25.3 24.9
2005 2 5 24.4 24.6 25.4 25.1
2005 2 6 24.6 24.5 25.6 25.2
2005 2 7 24.3 24.5 26 25.6
2005 2 8 24.6 24.4 25.5 25.1
2005 2 9 24.5 24.7 25.9 25.5
2005 2 10 24.4 24.6 25.7 25.2
2005 2 11 24.5 24.8 25.6 25.4
2005 2 12 24.7 25 25.6 25.2
2005 2 13 24.5 24.7 25.4 24.8
2005 2 14 24.2 25 26.3 25.6
2005 2 15 24.9 25.1 26 25.4
2005 2 16 24.7 25.1 26.3 25.8
2005 2 17 25.3 25.1 27.6 26.6
2005 2 18 25.7 25.5 24.9 23.6
2005 2 19 23.4 23.5 23.8 23.3
2005 2 20 22.4 22.9 23.1 22.8
2005 2 21 23.7 22.8 22.5 22.3
2005 2 22 21.8 22.9 23.1 22.9
2005 2 23 22.7 23.4 24.1 23.7
2005 2 24 22.9 23.4 25.3 24.9
2005 2 25 24.2 24.4 26.2 25.6
2005 2 26 24.7 24.9 24 23.8
2005 2 27 23.7 24.5 24.3 24.1
2005 2 28 23.8 24 23.3 23.2
2005 3 1 23.1 23.7 23.4 23
2005 3 2 22.8 23.2 23.6 23.4
2005 3 3 22.7 22.9 22.6 22.7
2005 3 4 22.5 21.4 21.3 21.5
2005 3 5 21.3 21 20.6 20.3
2005 3 6 20.1 19.9 20.4 20.2
2005 3 7 20.1 20.4 21.5 21.6
2005 3 8 21.4 21 22.7 22.8
2005 3 9 21.9 21.4 23.2 22.9
2005 3 10 21.7 22.3 23.3 22.8
2005 3 11 22.6 22.8 23.9 23.8
2005 3 12 22.9 23.4 24.2 23.9
2005 3 13 21.3 21.5 21.4 22.1
2005 3 14 21.4 22.1 22.5 22.3
2005 3 15 22.1 22.8 24.9 24
2005 3 16 22.7 23.4 25.3 24.1
2005 3 17 23.2 23.5 25.5 25.1
2005 3 18 24.5 24.2 25.1 24.7
2005 3 19 24.2 24 24.1 24.4
2005 3 20 23.8 23.7 24 23.8
2005 3 21 23.6 24.2 25.2 24.4
2005 3 22 23.9 24.1 25.5 24
2005 3 23 23.8 24.1 23.5 23.9
2005 3 24 23.3 22.7 22.8 22.5
2005 3 25 22.4 22.8 23.4 22.5
2005 3 26 22.3 22.1 23.8 24.4
2005 3 27 23.1 23.8 25.2 24.6
2005 3 28 24.1 24.3 25 24.5
2005 3 29 24 24.2 25.2 24.7
2005 3 30 24.2 24.6 23.5 25.6
2005 3 31 24.4 24.6 24.4 25.4
2005 4 1 24.6 24.4 24.6 25.1
2005 4 2 24.3 25.1 25.6 24.4
2005 4 3 23.9 23.3 24 24
2005 4 4 23.1 23.6 24.6 24.3
2005 4 5 23.9 24.1 24.8 23.2
2005 4 6 23 24 24.9 24.5
2005 4 7 24.3 24.9 25.4 25.2
2005 4 8 24.9 25 25.6 25.3
2005 4 9 24.9 25.2 26.8 26.5
2005 4 10 25.5 25.3 26.5 26.3
2005 4 11 25.6 25.1 25.9 25.6
2005 4 12 25 24.7 25.6 25
2005 4 13 24.2 23 23 22.8
2005 4 14 22.8 23 23.6 23.5
2005 4 15 23.4 23.3 23.5 23.8
2005 4 16 23.2 24 26.3 25.8
2005 4 17 24.9 24.3 26.6 25.5
2005 4 18 24.6 25 26.5 26.1
2005 4 19 25.3 25.5 26.9 26.9
2005 4 20 26 25.6 26 25.7
2005 4 21 25.4 26 27.7 27.1
2005 4 22 26.3 26.1 27.8 27.2
2005 4 23 26.4 25.6 26.4 26
2005 4 24 25.5 25.4 26.4 26.1
2005 4 25 25.6 25.3 26.1 25.7
2005 4 26 25.4 25 24.6 25.6
2005 4 27 25.2 25.4 27.2 26.4
2005 4 28 25.6 25.7 27.2 26.1
2005 4 29 25.2 24.9 26 25.7
2005 4 30 25.3 26.1 27.2 26.8
2005 5 1 25.9 26 27.6 27.2
2005 5 2 26.3 25.8 29.5 27.9
2005 5 3 26.5 26 28.7 27.3
2005 5 4 26.7 25.8 28.4 27.2
2005 5 5 26.6 26.2 29 27
2005 5 6 26.8 26.6 27.6 27.2
2005 5 7 27.1 27 26.8 27.5
2005 5 8 27.2 27.1 26.6 27.6
2005 5 9 27 27.2 28.2 27.8
2005 5 10 27.1 27.4 28.8 28.7
2005 5 11 27.7 27.9 26.8 27.3
2005 5 12 27.5 28.2 28.5 27.3
2005 5 13 27.1 28.3 29.2 28
2005 5 14 27.9 28.5 31.8 30.2
2005 5 15 28.9 27.6 26.5 27.2
2005 5 16 27.1 28.2 31 29.1
2005 5 17 28 28.1 31.2 29.6
2005 5 18 28.5 28 30.9 30.1
2005 5 19 28.3 27.2 28.6 28.4
2005 5 20 27.8 27.6 29.9 29.1
2005 5 21 26.9 27.4 29.6 28.5
2005 5 22 27.9 26.8 28.7 28.4
2005 5 23 27.5 27.2 27.1 28.1
2005 5 24 27.8 27.6 29.1 28.8
2005 5 25 27.2 27.6 29 28.8
2005 5 26 28.2 27.9 29.6 28.7
2005 5 27 28 27.6 28.9 28.7
2005 5 28 27.9 27.6 30 29.4
2005 5 29 28.2 27.9 29.8 28.4
2005 5 30 28.2 27.8 27.6 28.5
2005 5 31 28 27.7 30.1 29.4
2005 6 1 28.1 27.6 30.3 30.1
2005 6 2 28.7 28.3 30.4 30
2005 6 3 28.9 28.6 28.7 31.4
2005 6 4 29.3 29 28.7 29.9
2005 6 5 29.5 29.3 29.6 30.2
2005 6 6 29.2 29.4 31 30.7
2005 6 7 29.4 28.7 27.9 28.7
2005 6 8 28.4 28.5 29.8 29.6
2005 6 9 28.7 28.4 28.6 28
2005 6 10 27.6 28.4 29.3 28.2
2005 6 11 28.6 29.3 30.8 28.2
2005 6 12 28.5 28.7 29 28.6
2005 6 13 28.4 28.7 29.9 29.1
2005 6 14 28.8 29.3 30.4 29.1
2005 6 15 29 28.5 29.5 30.4
2005 6 16 29.5 29.1 28.4 30.5
2005 6 17 29.4 28.7 30.9 29.6
2005 6 18 29.2 28.8 30.2 31
2005 6 19 29.6 28.2 31.4 30.2
2005 6 20 29.4 28.3 30 29.8
2005 6 21 29.1 28.6 29.8 30.4
2005 6 22 29.4 28.7 29.7 29.2
2005 6 23 29.1 28.5 29.8 29.8
2005 6 24 29.3 28.5 27.3 29.4
2005 6 25 28.8 28.5 28.7 29.2
2005 6 26 28.8 28.5 30.2 29.6
2005 6 27 29.2 29 29.7 29.7
2005 6 28 29.3 28.9 29.9 29.4
2005 6 29 28.6 28.3 29.7 29.2
2005 6 30 28.7 28.4 29.4 29.1
2005 7 1 28.8 28.5 29.4 28.8
2005 7 2 28.6 28.2 30.5 29.9
2005 7 3 29.2 28.8 29.5 30.1
2005 7 4 29.6 29.1 29.8 30.2
2005 7 5 29.7 29.1 30.1 30.2
2005 7 6 29.7 29.2 31.1 30.9
2005 7 7 29.7 29.4 30.8 30.2
2005 7 8 29.6 29.1 31.1 30.8
2005 7 9 29.5 28.9 31.6 29.5
2005 7 10 28.9 28.7 31.4 30.9
2005 7 11 29.2 28.7 31.2 29.7
2005 7 12 28.9 28.7 30.4 29.3
2005 7 13 28.1 28 29.4 29.8
2005 7 14 29.2 28.9 32.1 30.6
2005 7 15 28.4 28.8 30.4 30
2005 7 16 29.5 28.2 30.6 30.7
2005 7 17 28.8 28.1 30.6 30.2
2005 7 18 28.8 28.6 30.5 30.4
2005 7 19 28.5 28.7 31.8 30.9
2005 7 20 28.7 28.6 30 28.6
2005 7 21 28.3 28.8 29.3 30
2005 7 22 28.6 28.5 30.2 29.6
2005 7 23 28.3 28.9 29 28.1
2005 7 24 28 28.4 28.3 28.3
2005 7 25 27.3 27.3 27.2 28
2005 7 26 27.5 27.3 28.2 28
2005 7 27 27.6 27.4 28.3 28.1
2005 7 28 27.8 28.1 29 28.8
2005 7 29 27.7 28.2 28.5 28.1
2005 7 30 27.7 27.5 28.1 27.4
2005 7 31 27.2 27 27.6 27.2
2005 8 1 27.4 27.1 29.3 28.7
2005 8 2 28.4 28.2 29.2 29.4
2005 8 3 28.6 28.5 30.1 30.2
2005 8 4 28.8 28.7 29.8 29.5
2005 8 5 28.6 29.1 31.3 30
2005 8 6 29.5 29.7 30.1 29.4
2005 8 7 29.3 29.5 30.4 30.1
2005 8 8 29.5 29.4 30.8 30.2
2005 8 9 29.7 29.3 29.7 29.6
2005 8 10 29.4 29 29.1 28.8
2005 8 11 28.3 28.6 29.2 28.8
2005 8 12 28.5 28.3 29.5 29
2005 8 13 28.3 28.7 29.5 29.2
2005 8 14 28.8 28.5 29.6 29.1
2005 8 15 28.6 28.8 29.2 29.8
2005 8 16 29.1 29.1 29.8 29.6
2005 8 17 28.9 28.6 29.1 28.8
2005 8 18 28.5 28 28.9 28.7
2005 8 19 28.3 28 29.6 29.1
2005 8 20 29 28.9 30.8 30.2
2005 8 21 29.3 29.5 30.3 29.8
2005 8 22 29.1 29.3 30.8 29.5
2005 8 23 29.2 29.6 31 30.2
2005 8 24 29.5 29.8 31.3 31
2005 8 25 29.7 29.8 31.4 31.2
2005 8 26 30.1 30.4 32.6 31.7
2005 8 27 30.6 30.1 32.1 31.8
2005 8 28 30.9 30.3 31.7 30.7
2005 8 29 30.2 29.6 28.9 28.4
2005 8 30 28.1 28.3 29 28.2
2005 8 31 28 27.5 29 28.8
2005 9 1 27.9 28.1 29.6 29
2005 9 2 28.6 28.4 30.1 29.4
2005 9 3 28.5 29 30.6 29.8
2005 9 4 29 29.2 30.8 29.7
2005 9 5 29.5 29.3 31 29.9
2005 9 6 29.2 29 31.2 29.5
2005 9 7 29.3 28.9 30.3 29.6
2005 9 8 28.8 28.6 30.2 28.7
2005 9 9 28.4 28.5 29.1 28.9
2005 9 10 28.2 28.3 29.8 28.9
2005 9 11 28.3 28.1 29.7 29.1
2005 9 12 28.5 28.7 29.5 28.8
2005 9 13 28.2 28.6 29.2 28.9
2005 9 14 27.8 26.5 28.8 28.3
2005 9 15 27.6 26.7 28.9 27.7
2005 9 16 27.5 27.3 28.5 28.1
2005 9 17 27.7 27.8 28.5 28.2
2005 9 18 27.9 27.1 27.6 27.6
2005 9 19 27.3 26.8 28.2 27.6
2005 9 20 27.2 26.8 28.9 27.6
2005 9 21 27.2 27.4 29.3 28.6
2005 9 22 27.7 27.9 29.5 28.7
2005 9 23 28.2 28.4 29.5 29.9
2005 9 24 28.7 28.2 29.5 29.4
2005 9 25 28.8 28.5 29.3 29.1
2005 9 26 28.4 28.3 28.3 28.2
2005 9 27 28.2 28 28.4 28.1
2005 9 28 27.8 27.9 28.5 28.4
2005 9 29 27.9 28.2 29.5 29.9
2005 9 30 28.4 28.6 30.2 29.7
2005 10 1 29.3 28.7 30.3 29.8
2005 10 2 29 29.3 30.1 29.6
2005 10 3 29.2 28.7 30.1 29.3
2005 10 4 28.8 28.7 30 29.5
2005 10 5 28.9 29 30.1 29.3
2005 10 6 28.7 28.9 29.8 29.2
2005 10 7 28.5 28.8 28.6 27.9
2005 10 8 28 27.6 28.4 27.8
2005 10 9 27 26.7 28.1 26.2
2005 10 10 26 26 25.6 26
2005 10 11 25.6 25.8 25.2 24.8
2005 10 12 24.5 25.2 26.1 25.7
2005 10 13 25.4 26.4 27 26.5
2005 10 14 26.1 26.5 27.2 26.9
2005 10 15 26.3 26.5 28 27.2
2005 10 16 26.6 26.5 27.9 27.1
2005 10 17 26.4 26.5 27.2 26.6
2005 10 18 26.2 26.4 27.6 26.5
2005 10 19 26.3 26.8 26.9 26.5
2005 10 20 26.1 26.5 27.8 26.4
2005 10 21 26.2 26.8 26.8 26.5
2005 10 22 25.8 26.4 26.6 26.1
2005 10 23 25.6 25.9 25.6 25.2
2005 10 24 24.8 25.5 24.4 24.3
2005 10 25 24.2 24.9 24.7 24.8
2005 10 26 24.5 24.1 25.4 24.6
2005 10 27 24.3 24.7 26.1 25.1
2005 10 28 24.5 24.4 25.6 25.2
2005 10 29 24.6 24.4 26 24.9
2005 10 30 24.5 24.8 25.2 24.7
2005 10 31 24.3 24.6 25.1 24.4
2005 11 1 24.1 24.5 24.6 24.1
2005 11 2 24 24.4 24.5 23.9
2005 11 3 23.7 24.8 26.1 25.3
2005 11 4 24.6 26.1 26.5 26.4
2005 11 5 25.8 26.9 26.7 26.3
2005 11 6 26 26.4 28.7 27.5
2005 11 7 26.3 27 28.9 27.6
2005 11 8 26.9 26.7 28.8 28.2
2005 11 9 26.9 27 28.6 28.3
2005 11 10 27 27.1 28.6 28.4
2005 11 11 27.4 27.3 28.5 28.4
2005 11 12 27.5 27.3 28.4 28.4
2005 11 13 27.9 27.7 28.7 28.4
2005 11 14 28 27.8 28.9 28.1
2005 11 15 27.6 27.9 28.5 28.2
2005 11 16 27.2 27 28 27
2005 11 17 26.4 26.7 27 26.6
2005 11 18 25.7 25.9 25.1 24.4
2005 11 19 24 24.5 24.3 23.9
2005 11 20 23.7 24.3 23.3 23.1
2005 11 21 22.9 23.6 23.9 23.3
2005 11 22 22.7 23.2 23.5 23.1
2005 11 23 22.8 23.2 24.3 23.3
2005 11 24 22.6 22.8 22.6 22.4
2005 11 25 22.1 22.6 22.7 22.5
2005 11 26 22.3 23.1 23.4 22.7
2005 11 27 22.5 23 23.6 23.2
2005 11 28 22.9 23.4 24.5 24.2
2005 11 29 23.5 23.8 25 24.2
2005 11 30 23.6 24 24.6 24.2
2005 12 1 24.4 24.6 25.1 24.9
2005 12 2 24.5 25 25.5 24.9
2005 12 3 24.7 25.4 25.2 24.6
2005 12 4 24.5 25.6 25.3 24.9
2005 12 5 24.2 25 24.6 24.5
2005 12 6 24.1 24.5 24 23.8
2005 12 7 23.2 23.2 22.8 22.6
2005 12 8 22.3 22.6 22.9 22.4
2005 12 9 21.7 21.9 22.2 22
2005 12 10 21.7 22.2 22.8 22.1
2005 12 11 21.5 21.9 23.1 22.6
2005 12 12 22.3 22.4 22.2 21.3
2005 12 13 20.9 21.1 22.4 22.2
2005 12 14 21.5 21.9 21.7 21.4
2005 12 15 21 21.2 21.9 20.8
2005 12 16 20.1 19.8 20.5 20
2005 12 17 19.6 20 20.2 20
2005 12 18 19.8 20.2 20.4 20.2
2005 12 19 19.6 20.5 20 19.8
2005 12 20 19.7 20.1 19.8 19.9
2005 12 21 19.8 22.1 19.9 19.7
2005 12 22 19.4 19.5 19.2 19
2005 12 23 19.2 19.5 19.5 19.7
2005 12 24 19.4 20 19.8 20.2
2005 12 25 19.9 20.4 20.3 20.4
2005 12 26 20 20.2 21.2 21
2005 12 27 20.7 21 21.8 21.2
2005 12 28 20.9 21.2 21.9 21.6
2005 12 29 21.4 21.7 21.8 21.5
2005 12 30 21.1 21.4 21.5 21.4
2005 12 31 21.1 21.2 21.7 21.4
2006 1 1 21.3 21.8 22.6 22.4
2006 1 2 21.7 21.8 22 21.6
2006 1 3 21.5 22.6 22.9 22.7
2006 1 4 21.9 22.8 23.6 23
2006 1 5 22.5 23.4 23.6 23.4
2006 1 6 22.6 23.2 23.4 23.1
2006 1 7 22.4 22.1 21.8 21.5
2006 1 8 21.2 21.7 22 21.8
2006 1 9 21.6 21.2 21 20.7
2006 1 10 20.5 20.2 21 20.6
2006 1 11 20.3 20.1 20.4 20.3
2006 1 12 20.2 20.9 22.6 22
2006 1 13 21.5 21.6 23 22.4
2006 1 14 21.9 21.6 23.2 22.8
2006 1 15 22.4 22 24.3 23.4
2006 1 16 22.6 22.4 23.8 23.6
2006 1 17 23.2 23 24.5 24.2
2006 1 18 23.5 23.3 24.8 24.4
2006 1 19 24 24.2 25.3 24.6
2006 1 20 23.8 24.3 24.5 24.2
2006 1 21 23.9 24.1 24.3 23.8
2006 1 22 23.4 23 23.8 23.2
2006 1 23 22.2 21.8 21.8 21.1
2006 1 24 20.8 21.3 22 21.8
2006 1 25 12.1 20.6 21.1 20.8
2006 1 26 20.3 19.8 20.6 20.2
2006 1 27 20 19.8 22.6 22.4
2006 1 28 22.1 22 22.6 21.2
2006 1 29 20.8 21 22.4 21.8
2006 1 30 21.6 21.9 22.3 22.1
2006 1 31 21.8 21.7 22.6 21.9
2006 2 1 21.5 22.1 24.6 23.7
2006 2 2 22.4 22.8 24.2 23.8
2006 2 3 22.7 22.9 23.8 23.4
2006 2 4 22.3 23.5 23.4 22.9
2006 2 5 21.7 22.8 24 23.3
2006 2 6 22.1 22.9 23.6 23.1
2006 2 7 22.4 23.1 24.3 23.7
2006 2 8 23.3 23.1 24 23.4
2006 2 9 22.8 23.2 23.5 23.1
2006 2 10 22.6 22.8 23.3 22.9
2006 2 11 22.5 22.8 24.1 23.3
2006 2 12 22.7 22.5 22.9 22.4
2006 2 13 22.1 22.5 24.2 24.4
2006 2 14 23.7 23.2 24.2 24.2
2006 2 15 23.6 23.3 24.8 24.7
2006 2 16 23.9 24.2 25.3 24.9
2006 2 17 24.3 24.6 25.9 25.1
2006 2 18 24.5 24.9 25.1 24.1
2006 2 19 23.6 23.4 24.9 24
2006 2 20 23.6 23.8 24 23.7
2006 2 21 23.4 23.6 24.4 24.3
2006 2 22 24.2 24.3 24.7 24.4
2006 2 23 24 24.6 24.9 24.6
2006 2 24 24.2 23.9 24.3 24.1
2006 2 25 23.8 23.3 25.4 24.3
2006 2 26 24 23.9 25 24.8
2006 2 27 24.4 24.6 25 24.9
2006 2 28 24.5 24.7 23.5 23.3
2006 3 1 22.9 22.6 22.4 22.3
2006 3 2 22.2 22.1 21.6 21.4
2006 3 3 21.2 22 21.9 21.8
2006 3 4 21.6 22.1 23.2 22.8
2006 3 5 22.3 22.6 23.2 23.6
2006 3 6 23.2 23 24.3 23.7
2006 3 7 23.4 23.6 24 23.9
2006 3 8 23.5 23.3 25 24.5
2006 3 9 23.8 24 26.5 24.1
2006 3 10 23.8 24.1 25.2 24.6
2006 3 11 24 24.4 25.6 24.9
2006 3 12 23.7 24.3 25.9 24.9
2006 3 13 23.8 22.6 26.2 25.1
2006 3 14 23.9 23.3 23 22.5
2006 3 15 22.3 23 23.4 22.2
2006 3 16 22.4 23.4 22.8 22.7
2006 3 17 22.5 23.3 25.2 24.8
2006 3 18 24.5 24.3 25.4 24.7
2006 3 19 24.1 24.4 25.5 25.3
2006 3 20 24.9 25.2 26.2 25.8
2006 3 21 24.7 25.1 26.3 25.6
2006 3 22 25.2 24.7 26.8 25.6
2006 3 23 25.5 24.9 27.2 26.3
2006 3 24 25.7 25.3 24.8 25.5
2006 3 25 25.4 25.2 24.2 24.5
2006 3 26 24.3 25.2 24.6 24.4
2006 3 27 24.2 25.3 25 24.7
2006 3 28 23.8 23.3 24.5 23.6
2006 3 29 23.4 24.1 24.3 23.8
2006 3 30 23.2 25.1 26.2 24.6
2006 3 31 24.2 25.3 25.1 24.8
2006 4 1 24.3 25.4 25.8 25.7
2006 4 2 25.4 26 26.4 26
2006 4 3 25.6 26.3 27.4 26
2006 4 4 25.7 25.9 28.2 27.4
2006 4 5 26.2 25.6 27.8 26.5
2006 4 6 26.2 26 27.8 26.9
2006 4 7 25.8 25.7 28.5 27.6
2006 4 8 26.9 26.8 27.3 26.2
2006 4 9 26 26.1 27.7 26.6
2006 4 10 26.2 26.4 27.4 26.8
2006 4 11 25.9 26.6 27.6 26.8
2006 4 12 26.4 26.6 27.6 27
2006 4 13 26.2 26.9 28.6 27.8
2006 4 14 26.3 26.1 25.7 26.2
2006 4 15 25.6 25.6 26.1 25.4
2006 4 16 24.9 24.8 25.4 24.6
2006 4 17 24.2 24.5 25.6 25.1
2006 4 18 24.3 25.4 26.7 26.4
2006 4 19 26 26.2 26.8 26.6
2006 4 20 26.3 26.5 28.6 27.3
2006 4 21 26.6 26.4 28.4 27.6
2006 4 22 26.8 26.5 28.8 28.1
2006 4 23 27 26.4 28.9 28.6
2006 4 24 27.3 27 28.1 27.6
2006 4 25 27.1 26.5 28.7 28
2006 4 26 27.3 27 27.5 27.3
2006 4 27 26.9 27.2 28.3 27.9
2006 4 28 27.1 27.2 27.8 27.6
2006 4 29 26.8 26 27.2 26.8
2006 4 30 26.5 26.4 27.5 27.2
2006 5 1 26.9 27.2 28.4 28
2006 5 2 27.2 27 28.5 28.3
2006 5 3 27.4 27.2 29.3 28.2
2006 5 4 27.3 27.5 28.8 28.4
2006 5 5 27.7 26.9 29.4 28.6
2006 5 6 27.9 27.1 29.5 29
2006 5 7 28.2 27.3 30.3 28.7
2006 5 8 28 27.4 30.3 29.5
2006 5 9 28.6 27.9 28.6 28.8
2006 5 10 28.2 28.1 29 29.5
2006 5 11 28.3 28 29.1 28.5
2006 5 12 27.9 27.3 29.9 28.3
2006 5 13 27.9 27.6 28.7 28.8
2006 5 14 27.7 26.4 26.7 26
2006 5 15 25.7 25.1 26.2 26
2006 5 16 25.5 24.4 25.7 25.5
2006 5 17 25 24.7 25.9 25.7
2006 5 18 25.3 25.1 26.1 26.5
2006 5 19 26.2 25.7 26.1 26.3
2006 5 20 26.1 26 26.5 26.6
2006 5 21 26.4 26.3 27.4 26.7
2006 5 22 26.1 25.7 27.9 27.7
2006 5 23 26.5 26.3 28.7 28.2
2006 5 24 27.6 27.4 29.3 28.8
2006 5 25 27.8 27.2 28.2 28.4
2006 5 26 27.5 27.2 29.2 29
2006 5 27 27.4 27.2 28.6 28.9
2006 5 28 27.9 27.7 28.5 28.9
2006 5 29 28.5 28.2 28.8 29.2
2006 5 30 28.4 28 30.1 29
2006 5 31 28.2 27.8 29.4 28.7
2006 6 1 28.4 28.1 29.1 28.4
2006 6 2 28.2 28.3 30 29.4
2006 6 3 28.6 28.9 31 30.6
2006 6 4 28.9 28.6 30.7 30.2
2006 6 5 29.3 28.8 30.9 30.4
2006 6 6 29.5 29.2 32 31.3
2006 6 7 29.6 29.3 30.7 31.4
2006 6 8 29.7 29 31 31.7
2006 6 9 29.8 29.4 30.9 31
2006 6 10 29.6 29.9 30 30.7
2006 6 11 29.4 29.1 30.9 30.7
2006 6 12 29.5 29.3 31.1 31
2006 6 13 29.2 29.3 31.2 30.9
2006 6 14 29.4 29.5 31.8 30.9
2006 6 15 29.3 29.5 30.2 30.3
2006 6 16 29.6 29.2 30.6 29.4
2006 6 17 29.1 29.5 31.2 30
2006 6 18 29.3 29.7 31.1 30.2
2006 6 19 29.5 29.2 30.5 30.1
2006 6 20 29.6 29.4 30.7 30.7
2006 6 21 29.7 29.3 30.7 29.6
2006 6 22 29.2 29.4 31 30.7
2006 6 23 29.6 29.3 30.5 30.3
2006 6 24 29.4 28.9 30.3 30.1
2006 6 25 29.5 29.1 30.5 30.2
2006 6 26 29.7 28.9 30.4 30.2
2006 6 27 29.6 28.9 30.1 30.7
2006 6 28 29.4 29.5 30 30.4
2006 6 29 29.5 29.7 30.4 29.9
2006 6 30 29.5 29.8 29.9 29.2
2006 7 1 28.6 28.7 30 29.4
2006 7 2 28.5 28.4 29.8 29.5
2006 7 3 28.6 28.8 28.2 28.7
2006 7 4 28.4 28.5 29.5 29.3
2006 7 5 28.5 28.8 30.4 30
2006 7 6 28.9 29.1 29.8 29.7
2006 7 7 29.4 29.2 30.1 30.5
2006 7 8 29.5 29.3 30.2 29.9
2006 7 9 29.5 29.8 30.5 30.1
2006 7 10 29.6 30.1 30.8 30.2
2006 7 11 29.4 29.8 29.9 29.7
2006 7 12 29.5 29.3 30.5 30.2
2006 7 13 29.2 29.5 30.6 30
2006 7 14 29.4 29.6 30.4 30.5
2006 7 15 29.7 29.9 30.8 29.5
2006 7 16 29.6 29.8 30.8 30.5
2006 7 17 29.9 29.7 29.9 29.7
2006 7 18 29.6 29.4 29.6 29.2
2006 7 19 28.9 28.7 31.2 30.1
2006 7 20 29.6 29.2 30.4 30.6
2006 7 21 29.4 29.3 30.5 29.6
2006 7 22 29.2 29.4 29.6 30.1
2006 7 23 29.7 29.8 30.2 29.3
2006 7 24 29.3 29.6 30.9 30.2
2006 7 25 29.5 29.7 31.6 30.6
2006 7 26 29.7 29.5 30.8 30.5
2006 7 27 29.9 29.5 30 29.3
2006 7 28 28.9 28.6 30.8 30.3
2006 7 29 29.6 29 30.4 29.5
2006 7 30 28.8 29.2 30.1 29.6
2006 7 31 29.2 29.1 30.5 29.7
2006 8 1 28.7 29.5 30.9 29.8
2006 8 2 29.1 29.3 31.1 30.5
2006 8 3 29.6 29.4 30.6 30.1
2006 8 4 29.3 29.5 30.5 30.4
2006 8 5 29.4 29 30.9 31.2
2006 8 6 29.7 29.3 30.9 30.4
2006 8 7 29.9 29.7 30.3 29.8
2006 8 8 29.6 29.5 31 30.2
2006 8 9 29.6 29.4 30.9 30.4
2006 8 10 29.3 30 31.1 30.3
2006 8 11 29.6 29.9 31.2 29.8
2006 8 12 29.3 29.9 31.4 29.9
2006 8 13 29.5 29.4 30 29.6
2006 8 14 29.2 29 28.8 28.7
2006 8 15 28.4 28.3 29.2 28.7
2006 8 16 28.2 28.4 29.4 29.1
2006 8 17 28.5 28.3 30.3 29.9
2006 8 18 29.2 28.8 30.3 29.7
2006 8 19 29.3 29.1 29.8 29.7
2006 8 20 29.5 29.7 30.4 30.3
2006 8 21 29.8 29.6 30.7 30.3
2006 8 22 29.7 29.5 29.4 29.8
2006 8 23 29.5 28.7 29.6 29.7
2006 8 24 29.2 28.7 31.1 30.2
2006 8 25 29.6 29.4 30.8 29.8
2006 8 26 29.3 29.6 32.2 30.4
2006 8 27 29.7 30.1 31.7 30.9
2006 8 28 29.5 29.9 30.8 30
2006 8 29 29.4 29.5 30.9 29.6
2006 8 30 29 29.2 30.3 29.5
2006 8 31 29.2 29.1 30.8 29.8
2006 9 1 29.4 29.3 31.5 30.2
2006 9 2 29.5 29.3 31.9 30.8
2006 9 3 29.2 29.5 31.3 31
2006 9 4 29.6 29.4 31 31.2
2006 9 5 29.8 29.3 31 31.1
2006 9 6 29.6 29.2 30.8 30.4
2006 9 7 29.4 29.5 31.4 30.7
2006 9 8 29.7 29.5 31 30.6
2006 9 9 29.5 29.2 31.2 29.6
2006 9 10 29.3 29 29.4 29.2
2006 9 11 28.8 28.3 27.8 27.6
2006 9 12 27.3 27.5 27.4 27.5
2006 9 13 27.2 27.5 27.6 27.9
2006 9 14 26.9 27 28.2 27.7
2006 9 15 27.3 27.4 28.7 28.4
2006 9 16 27.4 27.6 29.4 29.1
2006 9 17 28.2 28.1 29.5 28.7
2006 9 18 28.4 27.8 28.7 28.3
2006 9 19 27.6 27.7 28.5 27.4
2006 9 20 27.1 26.9 27.6 27.4
2006 9 21 27.2 26.7 27.9 27.1
2006 9 22 26.8 26.6 27.5 27.2
2006 9 23 27 26.4 27.5 27.3
2006 9 24 26.4 26.2 27.1 26.8
2006 9 25 26.2 26.4 25.2 25.7
2006 9 26 25.4 26.2 27.6 27.2
2006 9 27 26.4 27 28.1 27.3
2006 9 28 27.1 27.4 28.9 27.8
2006 9 29 27.3 27.9 28.7 28.1
2006 9 30 27.4 27.5 27.2 27.5
2006 10 1 27.2 26.8 25.4 24.7
2006 10 2 24.5 24.7 26.7 24.9
2006 10 3 24.8 25 27.3 26.5
2006 10 4 25.4 26.3 27.4 27.8
2006 10 5 27.2 26.7 27.9 28
2006 10 6 27.4 26.3 27.9 28.4
2006 10 7 27.2 26.5 28.1 27.6
2006 10 8 27.3 27 28 27.3
2006 10 9 26.7 27.3 29 28.9
2006 10 10 28.4 28.8 30.3 29.2
2006 10 11 28.6 29.5 30.9 30.1
2006 10 12 29.5 29.9 30.8 30.3
2006 10 13 28.8 29.9 31.8 30.6
2006 10 14 29.3 29.6 30.1 29.5
2006 10 15 29.1 29.3 31.4 30.9
2006 10 16 29.4 29.6 31.2 30.6
2006 10 17 29.7 29.2 31.2 30.8
2006 10 18 30.2 29.9 30.7 31.2
2006 10 19 29.7 29.8 31.3 31.2
2006 10 20 30.1 29.7 30.8 31
2006 10 21 29.5 29.8 30.7 30.4
2006 10 22 29.5 29.6 30.4 30.1
2006 10 23 29.2 29.4 29.9 29.4
2006 10 24 29.1 29.4 30.4 29.8
2006 10 25 29.3 29.6 30.6 30.3
2006 10 26 29.4 29.5 29.9 29.2
2006 10 27 28.2 28.4 29.3 29
2006 10 28 28.5 29 29 28.8
2006 10 29 28.2 28.7 29.8 28.9
2006 10 30 28.6 29.3 30 29.2
2006 10 31 28.9 29.6 29.9 29.9
2006 11 1 28.9 28.6 29.7 29.3
2006 11 2 28.7 29 29.3 27.6
2006 11 3 27.5 27.2 29.2 29
2006 11 4 28.1 27.6 28.4 28.7
2006 11 5 28.1 27.6 29.3 28.8
2006 11 6 27.7 27.9 29.9 28.6
2006 11 7 27.9 28.3 28.3 28
2006 11 8 27.6 27.2 27.6 26.7
2006 11 9 26.4 27.7 27.9 28.3
2006 11 10 27.1 29.8 29.6 28.2
2006 11 11 27.3 28.6 31.4 31.6
2006 11 12 29.1 31.5 30.6 29.6
2006 11 13 28.7 28.9 29.9 29.3
2006 11 14 29.1 28.9 30.2 29.9
2006 11 15 29.2 29.4 31.1 29.8
2006 11 16 29.3 29.9 30.3 29.7
2006 11 17 29.4 30.2 31.2 31.8
2006 11 18 29.7 30.4 31 30.9
2006 11 19 29.5 30.3 31.1 30.7
2006 11 20 29.8 30.2 31.8 31.4
2006 11 21 29.9 30.6 32 30.8
2006 11 22 30.1 30.5 32.5 31.2
2006 11 23 30.2 30.5 32.2 31.1
2006 11 24 30.4 30 31.2 30.7
2006 11 25 30.3 30.1 32 30.9
2006 11 26 30 29.8 31.2 30.5
2006 11 27 30 29.7 32.1 31.2
2006 11 28 30.3 30.1 31.6 30.5
2006 11 29 29.6 29.8 31.7 30.8
2006 11 30 29.9 30.1 29.8 30.6
2006 12 1 29.8 29.4 29.7 28.8
2006 12 2 28.2 28 28.6 28.1
2006 12 3 28.4 28.2 28.3 28
2006 12 4 27.6 27.8 28.5 27.9
2006 12 5 27.2 27 26.8 26.5
2006 12 6 26.2 27 27.3 26.5
2006 12 7 26.3 27.2 26.8 27.6
2006 12 8 26.7 27.5 27.8 27.4
2006 12 9 27.1 28.2 27.3 26.8
2006 12 10 27.2 27.8 27.2 27
2006 12 11 26.9 27.4 27.4 27.1
2006 12 12 26.8 27.1 27 26.3
2006 12 13 26.2 26.7 26.8 26
2006 12 14 25.8 26 23.9 23.3
2006 12 15 23.1 23.5 24.5 24.1
2006 12 16 23.7 24 24.8 24.3
2006 12 17 23.6 24 24 23.7
2006 12 18 23.3 23.7 24.2 24.1
2006 12 19 23.4 23.5 23.3 23.1
2006 12 20 23 24 22.9 22.1
2006 12 21 21.9 23 22.7 22.3
2006 12 22 22 24.5 25 22.6
2006 12 23 22.4 22.9 21.7 21.4
2006 12 24 21.1 22.3 22.7 22.2
2006 12 25 22 23.9 23.1 22.7
2006 12 26 22.4 23.1 24.9 24.1
2006 12 27 23.3 24.4 25.1 24.2
2006 12 28 23.7 24.1 24.9 24.3
2006 12 29 24 24.3 24.8 24.4
2006 12 30 24.1 24 23.8 23.8
2006 12 31 23.6 23.7 23.8 23.9
2007 1 1 23.4 23.7 24.6 24.3
2007 1 2 23.9 24.2 24.1 24.4
2007 1 3 23.7 24.4 25.9 25.6
2007 1 4 25.3 24.9 25.2 25.4
2007 1 5 25.2 26 25.4 25.2
2007 1 6 24.9 25.7 24.6 24.6
2007 1 7 23.8 24.1 23.6 23.2
2007 1 8 23 24.8 22.3 21.9
2007 1 9 22.8 24.3 22 22.4
2007 1 10 21.8 23.8 22.5 22.3
2007 1 11 22.5 23.3 23.4 23.1
2007 1 12 22.6 23.4 23.3 23
2007 1 13 22.8 23.2 23.9 23.6
2007 1 14 23.1 23.6 24.1 24.2
2007 1 15 23.3 23.9 24.4 24.2
2007 1 16 23.6 24.1 24.4 24.6
2007 1 17 23.8 24.7 24.8 24.6
2007 1 18 25.5 25.3 26.3 25.1
2007 1 19 24.8 25.3 25.4 25
2007 1 20 24.9 25.4 25.5 25.4
2007 1 21 24.7 26.5 26.6 25.2
2007 1 22 24.3 25.4 22.8 23
2007 1 23 22.7 23.9 23.2 22.6
2007 1 24 22.5 23.1 22.1 22.4
2007 1 25 22.2 22.8 22.4 22.3
2007 1 26 21.2 22.1 22.2 22
2007 1 27 21.5 22.1 21.7 21.4
2007 1 28 20.6 20.8 20.6 20.7
2007 1 29 20.4 20.2 21.4 20.8
2007 1 30 20.3 20 21.5 20.8
2007 1 31 20.3 20.5 22.1 21.4
2007 2 1 20.6 20.2 22.1 21.6
2007 2 2 21.4 20.5 21.8 21.2
2007 2 3 20.8 20.4 20.7 20.3
2007 2 4 19.9 21.1 21.8 21.5
2007 2 5 21 20.8 21.6 20.7
2007 2 6 20.5 22.8 23.2 23
2007 2 7 21.7 21.9 23.3 22.9
2007 2 8 22.1 23.2 24.4 23.2
2007 2 9 22.8 23.4 25.1 24.3
2007 2 10 23.2 23.5 25 24.2
2007 2 11 24 24.2 25.3 24
2007 2 12 23.7 23.8 24.9 24.4
2007 2 13 23.6 23.4 24.8 24.1
2007 2 14 23.5 23.7 25.4 25
2007 2 15 24.2 24.4 26.2 25.3
2007 2 16 24.5 24.3 25.6 25.2
2007 2 17 24.6 24.8 25.8 25.4
2007 2 18 24.8 24.5 26.2 25.6
2007 2 19 25.1 25.3 26.5 25.7
2007 2 20 25.3 25.2 27.7 27.2
2007 2 21 25.9 25.5 26.2 25.3
2007 2 22 25.1 25.4 26.4 25.6
2007 2 23 25.2 25.5 26 25.4
2007 2 24 24.9 25.3 26.4 25.8
2007 2 25 25.6 25.5 26.4 25.4
2007 2 26 25.1 25.3 26.6 25.8
2007 2 27 25.4 25.1 25.7 25.4
2007 2 28 25.2 25 25.8 25.5
2007 3 1 25.3 24.8 25.5 25.2
2007 3 2 24.9 25.1 26.4 25.8
2007 3 3 25.5 25.3 26.1 25.5
2007 3 4 25.2 25.4 26.2 26
2007 3 5 15.4 25.6 25.8 24.4
2007 3 6 24.6 25.2 25.8 25.9
2007 3 7 24.7 24.9 26.6 25.5
2007 3 8 24.8 25 25.8 25.3
2007 3 9 24.9 25 26 25
2007 3 10 24.8 25.4 26.3 25.8
2007 3 11 25.4 26.2 27.1 26.6
2007 3 12 25.3 26 27.7 26.9
2007 3 13 26.3 25.9 27.2 26.4
2007 3 14 25.6 25.5 26.7 26.3
2007 3 15 25.7 25.3 27 26.5
2007 3 16 26 26.2 26.9 26.6
2007 3 17 26 26.1 26 26.2
2007 3 18 25.7 25.9 26 25.8
2007 3 19 25.8 25.3 25.4 25.1
2007 3 20 25 25.3 25.4 25.3
2007 3 21 24.8 24.9 24.4 25.2
2007 3 22 24.9 24.8 24.6 25.3
2007 3 23 24.5 25 25.4 25.5
2007 3 24 25 25.3 25.2 25.8
2007 3 25 25.2 25.4 26.6 26.1
2007 3 26 25.5 25.8 27.9 26.8
2007 3 27 26.6 26.1 27.5 27.3
2007 3 28 26.7 26.5 28.4 27.6
2007 3 29 26.2 26 27.7 26.8
2007 3 30 26.4 26.2 27.9 26.6
2007 3 31 26.3 26 26.8 26.5
2007 4 1 26 26.4 28.3 27.8
2007 4 2 27.4 27.3 28.6 28.1
2007 4 3 27 25.6 24.5 25.2
2007 4 4 24.9 25.2 25.2 25.5
2007 4 5 25.1 25 25.3 25.2
2007 4 6 24.8 24.7 25.1 24.8
2007 4 7 24.6 24.9 25.8 25.5
2007 4 8 25.1 25.4 26.1 25.4
2007 4 9 24.8 25.3 25.3 25.2
2007 4 10 24.6 24.8 25.7 25.3
2007 4 11 24.9 24.8 25.8 25.4
2007 4 12 25.1 25 25.7 25.2
2007 4 13 24.7 25.8 26.4 26.8
2007 4 14 25.3 26.2 27.1 26.5
2007 4 15 25.7 25.4 26.7 26.2
2007 4 16 25.5 26.4 27.3 27.6
2007 4 17 25.8 26.6 27.5 27.1
2007 4 18 26.3 24.8 24.8 25.3
2007 4 19 25 25.6 26.7 26.4
2007 4 20 25.4 26 26.7 26.4
2007 4 21 25.8 26 26.7 26.2
2007 4 22 25.9 26.2 27.3 26.8
2007 4 23 25.9 26.3 27.6 27.2
2007 4 24 26.1 26.3 28.2 27.7
2007 4 25 26.4 26.2 26.3 27.1
2007 4 26 26.1 26.8 27.2 26.5
2007 4 27 26 26.8 28 27.6
2007 4 28 26.2 27 28.2 28
2007 4 29 27.4 27 28.1 28.3
2007 4 30 27.6 27.4 26.9 26
2007 5 1 25.9 26.3 27.1 26.6
2007 5 2 26.1 26.4 27.6 26.9
2007 5 3 26.4 26.6 27.8 27.5
2007 5 4 26.7 26.8 28.5 28
2007 5 5 27.4 27.2 27.6 27.3
2007 5 6 26.4 26.2 26.8 27.1
2007 5 7 26.4 26.7 27.1 26.9
2007 5 8 26.2 26.4 27.7 26.8
2007 5 9 26.2 25.9 26.7 26.4
2007 5 10 26.1 26 27.3 26.9
2007 5 11 26.4 26.7 27.6 27.3
2007 5 12 26.9 27.1 27.7 27.1
2007 5 13 26.9 27.6 28.2 28
2007 5 14 27.4 27.7 27.9 28.2
2007 5 15 27.8 27.6 28 27.9
2007 5 16 27.6 27.5 28.6 28.2
2007 5 17 27.3 27.9 28.8 28.3
2007 5 18 28.1 27.9 29.7 29
2007 5 19 28.4 28.2 29 28.8
2007 5 20 28.5 28.3 30.1 29.8
2007 5 21 28.9 29.1 30.5 29.2
2007 5 22 29 28.7 30.4 29.7
2007 5 23 29.4 29.7 30.4 29.2
2007 5 24 29.2 29.8 29.3 29.7
2007 5 25 29.4 29.6 30.9 30.4
2007 5 26 29.7 29.5 30.3 29.7
2007 5 27 28.6 29.1 29.9 29.5
2007 5 28 29.2 28.7 29.8 29.6
2007 5 29 28.9 28.8 29.8 29.5
2007 5 30 29.2 29.5 29.9 30
2007 5 31 29 29.8 30.2 30.2
2007 6 1 29.5 29.7 30 30.2
2007 6 2 29.6 29.8 30.5 31.4
2007 6 3 30 29.4 30.5 31.2
2007 6 4 29.7 29.1 31.3 30
2007 6 5 29.4 29.6 31 29.9
2007 6 6 29.7 29.4 32 30.6
2007 6 7 29.8 29.7 32.2 31.8
2007 6 8 29.6 29.9 32 31.6
2007 6 9 29.4 29.5 31.3 30.9
2007 6 10 29.7 29.3 31.2 30.7
2007 6 11 29.8 29.4 31.5 31.1
2007 6 12 30.2 29.4 30.8 29.6
2007 6 13 29.5 29.4 31.4 31.2
2007 6 14 29.7 29.5 31.8 30.7
2007 6 15 30 29.3 31.1 30.2
2007 6 16 29.4 28.8 31 30.4
2007 6 17 29.2 28.8 30.5 29.5
2007 6 18 29.3 28.9 30.4 29.8
2007 6 19 29 28.9 30.5 30
2007 6 20 29.2 29.3 31.1 30.4
2007 6 21 29.5 29.2 30.8 30.1
2007 6 22 29.3 29.5 31.4 30.7
2007 6 23 30 29.2 31.4 30.4
2007 6 24 29.4 29 31.4 30.4
2007 6 25 29.8 29.4 31.9 31.1
2007 6 26 30.3 29.6 31 30.5
2007 6 27 30 29.5 30.6 29.9
2007 6 28 29.6 29.4 30.1 29.5
2007 6 29 29.3 28.5 29.1 28.5
2007 6 30 28.3 27.9 28.8 28.5
2007 7 1 28 27.9 29.4 29
2007 7 2 27.7 28.5 29.5 29.2
2007 7 3 28.4 28.6 29.8 28.9
2007 7 4 28.2 27.8 28.3 28.1
2007 7 5 27.6 27.8 28.2 28.3
2007 7 6 27.8 27.6 29.2 28.5
2007 7 7 28.5 28.2 29.8 28.4
2007 7 8 28.9 29.1 30 30.5
2007 7 9 29 28.7 31 30.6
2007 7 10 29.2 28.9 31 30.3
2007 7 11 29.9 29.8 31.2 31.4
2007 7 12 30.1 29.8 32 31
2007 7 13 30.6 30 32.2 31.4
2007 7 14 31 30.2 31.3 31
2007 7 15 30.7 30.3 32.3 31.6
2007 7 16 30.7 30.5 32.6 31.1
2007 7 17 30.4 30.2 31.1 31.2
2007 7 18 30.5 30.3 32.2 31.6
2007 7 19 30.2 30 31.8 31.2
2007 7 20 29.6 29.7 31.2 30.4
2007 7 21 29.5 29.7 32.5 30.7
2007 7 22 29.5 29.3 31.8 30.7
2007 7 23 29.4 29.7 31.3 30.7
2007 7 24 29.6 28.8 31.3 30.6
2007 7 25 29.9 29.4 31.8 31
2007 7 26 29.6 29 30.7 30
2007 7 27 29.4 28.8 30.5 30
2007 7 28 29 28.4 31.2 30.2
2007 7 29 29 28.2 31.4 30.2
2007 7 30 28.9 28.7 29.6 29.7
2007 7 31 29 28.8 29.9 30.1
2007 8 1 29.2 29 29.8 30.5
2007 8 2 29.1 29.3 30.4 30.2
2007 8 3 29.4 29.5 29.4 29.8
2007 8 4 29.2 28.8 28.4 28.1
2007 8 5 27.9 28.3 28.7 28.4
2007 8 6 28 28 28.3 28.1
2007 8 7 27.7 27.6 28.5 28.2
2007 8 8 27.6 27 29.2 29
2007 8 9 28.2 27.8 29.8 29.5
2007 8 10 28.8 28.5 29 28.4
2007 8 11 28.1 28 29 28.9
2007 8 12 28.6 28 29.6 29.2
2007 8 13 28.4 28.1 30.1 29.9
2007 8 14 29.3 29 30.8 29.3
2007 8 15 28.5 28.4 30.4 29.8
2007 8 16 29.2 29 30.2 29.4
2007 8 17 28.9 29.1 30.2 29.3
2007 8 18 28.8 28.9 30.3 28.6
2007 8 19 28.4 28.8 30.6 29.7
2007 8 20 29.1 29 30.2 29.8
2007 8 21 29.3 29 31.5 30.7
2007 8 22 29.6 29.4 31.2 30.8
2007 8 23 29.8 29.7 32.3 31.6
2007 8 24 29.8 29.7 31.8 31.1
2007 8 25 30.1 29.6 32 30.8
2007 8 26 29.6 30 31.8 30.9
2007 8 27 29.9 29.8 30.6 30
2007 8 28 29.6 29.2 30.2 29.7
2007 8 29 29.3 29.6 30.3 29.8
2007 8 30 29.4 29 31 29.8
2007 8 31 29.5 29.3 30.8 29.2
2007 9 1 28.8 29.1 31.4 30.8
2007 9 2 29.5 29.4 31.5 30.2
2007 9 3 29.6 29.3 31.2 30.6
2007 9 4 29.4 29.2 31.5 29.8
2007 9 5 29.5 28.9 30.7 30.3
2007 9 6 29.4 29.6 31 30.4
2007 9 7 29.5 29.2 31.2 29.8
2007 9 8 29.3 28.8 30.7 30.6
2007 9 9 30 29.5 30.9 30.1
2007 9 10 29.6 29.7 31.6 30.6
2007 9 11 30.2 29.8 30.9 29.4
2007 9 12 29.2 29.7 31.6 30.8
2007 9 13 29.4 29.6 31.2 29.7
2007 9 14 29.2 29.5 31.4 30
2007 9 15 29.6 29 31.6 30.7
2007 9 16 29.7 29.6 31.8 30.7
2007 9 17 29.7 29.5 31.6 31.7
2007 9 18 29.4 30.1 31.8 30.8
2007 9 19 29.8 29.7 30.4 29.7
2007 9 20 29.3 28.9 30 29
2007 9 21 28.1 28.2 30 29
2007 9 22 28.3 28 28.4 27.8
2007 9 23 27.3 26.3 28.6 28.2
2007 9 24 27.4 27 27.6 27.9
2007 9 25 27.3 27 28.6 28.8
2007 9 26 27.6 28 29.4 29.6
2007 9 27 29.3 28.7 30.1 29.6
2007 9 28 28.9 29 30 29
2007 9 29 28.5 28.6 28.8 27.4
2007 9 30 27.8 27.4 28.9 28.2
2007 10 1 27.4 27 27.7 27.2
2007 10 2 26.7 26.3 26 25.8
2007 10 3 25.4 25.2 25.5 25.1
2007 10 4 25.3 25.8 26.9 25.6
2007 10 5 25.4 26 28 26.2
2007 10 6 25.7 26.4 27.8 27
2007 10 7 27 26.8 28.2 27.6
2007 10 8 27.2 26.8 28.4 28.2
2007 10 9 27.8 27.5 28.8 28.4
2007 10 10 27.3 27.4 27.8 27.5
2007 10 11 26.8 26.9 28 27.1
2007 10 12 26.5 26.2 27.6 27.2
2007 10 13 26.4 26.6 28.5 27.4
2007 10 14 26.8 26.7 28.3 27.4
2007 10 15 26.9 27 27.9 26.1
2007 10 16 25.5 25.2 25.3 25.2
2007 10 17 24.6 24.8 25.1 24.9
2007 10 18 24.8 25.1 25.4 24.8
2007 10 19 24.6 24.9 25.6 25.1
2007 10 20 24.2 25.1 25.4 24.9
2007 10 21 24.6 24.9 25.3 24.7
2007 10 22 24.2 24.5 25.5 24.3
2007 10 23 24 24.6 27.3 26.2
2007 10 24 25.4 25 25.6 25.4
2007 10 25 25.2 25 25.3 24.8
2007 10 26 24.5 24.6 25.4 25.1
2007 10 27 24.8 26.1 26 25.4
2007 10 28 24.9 26.8 27.4 26.8
2007 10 29 25.6 27.2 27.1 26.4
2007 10 30 25.8 24.8 25.6 25.4
2007 10 31 24.9 25.3 25 24.8
2007 11 1 24.6 26.5 26 25.4
2007 11 2 24.7 25.4 25.2 24.9
2007 11 3 24.4 23.7 24 23.6
2007 11 4 23.4 23.3 23.8 23.6
2007 11 5 23.4 23.2 24.1 22.7
2007 11 6 22.5 23 23.8 23.2
2007 11 7 22.1 23 24 23.2
2007 11 8 22.5 23.1 23.8 23.2
2007 11 9 22.8 23.2 23.1 22.8
2007 11 10 22.6 23.6 23.1 23.1
2007 11 11 22.7 24.1 23.1 23
2007 11 12 23.9 24.6 23.8 23.4
2007 11 13 23.1 24.2 23.5 23.7
2007 11 14 23.7 25.7 23.9 23.5
2007 11 15 23.2 25.4 24.4 23.6
2007 11 16 23.4 25.8 24.8 23.7
2007 11 17 23.5 23.2 24.6 23.6
2007 11 18 23.4 24.7 24.5 23.9
2007 11 19 23.7 23.9 23.9 23.8
2007 11 20 23.5 23.4 24.3 23.7
2007 11 21 23.4 23.3 24.5 23.4
2007 11 22 24.3 23.2 23.7 23.3
2007 11 23 23.5 23 22.6 22.5
2007 11 24 22.9 23.1 22.7 22.5
2007 11 25 22.6 23.9 22.4 22.1
2007 11 26 21.9 22.4 22.3 21.7
2007 11 27 22.2 21.2 22.1 21.8
2007 11 28 21.7 21.6 22.8 22.6
2007 11 29 21.3 23.4 22.8 21.9
2007 11 30 21.3 23.1 22 21.6
2007 12 1 21.1 22.5 23 22.6
2007 12 2 22.5 22.7 23.6 23.1
2007 12 3 23 22.6 23.8 23.2
2007 12 4 22.9 23.2 23.7 24
2007 12 5 23.1 23 23.5 23.4
2007 12 6 24 23.1 23.1 23.3
2007 12 7 23 23 23.3 23
2007 12 8 22.6 22.7 24 23.4
2007 12 9 23.1 23.7 24 23.6
2007 12 10 23.2 24.6 23.9 23.8
2007 12 11 23.7 23.4 24.8 24.1
2007 12 12 23.8 23.6 25.2 24.5
2007 12 13 24.1 23.9 24.7 24.3
2007 12 14 24.1 25.3 24.4 24.2
2007 12 15 23.9 24.4 25.8 24.8
2007 12 16 24.3 24.8 26.1 25.7
2007 12 17 24.5 25.1 26.1 25.3
2007 12 18 24.9 25.1 25.4 24.9
2007 12 19 24.7 24.6 24.7 24.5
2007 12 20 24.3 24.1 25.1 25
2007 12 21 24.4 24.5 25.6 26
2007 12 22 25.6 24.4 26.3 25.7
2007 12 23 24.9 25.2 26.6 26.1
2007 12 24 26 25.3 27.2 26.7
2007 12 25 25.5 26 26.4 25.9
2007 12 26 25.4 25.6 25.7 25.3
2007 12 27 25 25.5 25.2 24.8
2007 12 28 24.2 25 24.6 24.3
2007 12 29 24 24.4 25.1 24.6
2007 12 30 24.3 24.1 23.6 23.4
2007 12 31 23 23.3 23.7 23.4